# pressure temperature temparature_adiabatic temperature_uncertainty temperature_uncertainty_b delta_temperature_convection radiosity radiosity_convective is_convective grada altitude eddy_diffusion_coefficient cloud_opacity_H2O cloud_opacity_KCl cloud_particle_radius_KCl cloud_vmr_KCl
# Pa K K K K K W.m-2 W.m-2 None None m m2.s-1 None None m None
  0.10000000000000001        429.91218119652149        429.91218119652149        1.3677621107882072        1.0226325636999842        0.0000000000000000        3544.5454806657654        0.0000000000000000                0  0.29662360854185266        2044399.3632409903        9143550054.5481911        0.0000000000000000        0.0000000000000000        2.5541140403138288E-007   1.1828912801404588E-007   0.0000000000000000        0.0000000000000000     
  0.12589254117941662        452.11873414079537        452.11873414079531       0.83425003126405661       0.75204821502431529        0.0000000000000000        3544.5412209219071        0.0000000000000000                0  0.29648782129448270        2015085.5959308916        9143550054.5481911        0.0000000000000000        0.0000000000000000        2.5541140403138288E-007   1.1828912801404588E-007   0.0000000000000000        0.0000000000000000     
  0.15848931924611143        464.70903265587111        464.70903265587100       0.64471216818483190       0.55633104107550846        0.0000000000000000        3544.5575830409230        0.0000000000000000                0  0.29642363322490395        1984717.2048163447        9143550054.5481911        0.0000000000000000        6.9824253634191658E-010   3.0528439576754007E-007   1.4138695179336899E-007   0.0000000000000000        4.3302425258804385E-010
  0.19952623149688789        472.86387495878955        472.86387495878944       0.55226126905926609       0.48718820088168691        0.0000000000000000        3544.5308227327127        0.0000000000000000                0  0.29639023229265837        1953772.9726539436        8693169721.0176353        0.0000000000000000        1.0303462384813056E-009   3.5463234277797019E-007   1.6424165604860377E-007   0.0000000000000000        3.7966209036319538E-010
  0.25118864315095818        475.49986767788573        475.49986767788556       0.48890732062686831       0.42970762725683231        0.0000000000000000        3544.5417541050110        0.0000000000000000                0  0.29636280639259416        1922586.5821009488        8144915431.5183039        0.0000000000000000        1.6188771327804551E-009   4.1194561708449372E-007   1.9078544098158657E-007   0.0000000000000000        3.5514612999631660E-010
  0.31622776601683794        481.76816357096214        481.76816357096197       0.45262564104826197       0.39547421697654156        0.0000000000000000        3544.5740342503250        0.0000000000000000                0  0.29633249281352780        1891224.5017466457        7609195697.6257582        0.0000000000000000        2.2707248741295087E-009   4.7850861517063232E-007   2.2161320915502292E-007   0.0000000000000000        3.1856626481491242E-010
  0.39810717055349698        485.31128091389627        485.31128091389610       0.42416667686348020       0.37450186219985054        0.0000000000000000        3544.5176095441525        0.0000000000000000                0  0.29631660514224645        1859658.8221617665        7116871101.4858313        0.0000000000000000        1.2994839935069771E-009   5.5580870530327269E-007   2.5741390491343906E-007   0.0000000000000000        1.2230972388867109E-010
  0.50118723362727247        486.91054571871564        486.91054571871553       0.40350078589353183       0.35720808790101677        0.0000000000000000        3544.5336083584675        0.0000000000000000                0  0.29630205145098865        1828044.0265036442        6612964335.0254993        0.0000000000000000        1.6684729047859086E-009   6.4558921074640823E-007   2.9899509520709168E-007   0.0000000000000000        1.1096365772902049E-010
  0.63095734448019292        490.02973169685134        490.02973169685123       0.38198798154298924       0.34054968500550431        0.0000000000000000        3544.5970073351286        0.0000000000000000                0  0.29628195152809106        1796395.2977597993        6140813042.5598612        0.0000000000000000        2.6334697366670867E-009   7.4986230575794813E-007   3.4728896746429644E-007   0.0000000000000000        1.2902907566474044E-010
  0.79432823472428227        493.42573384140093        493.42573384140081       0.36556865688570211       0.32669716799133453        0.0000000000000000        3544.5005561861412        0.0000000000000000                0  0.29627826526205142        1764655.8282266133        5716025828.1367455        0.0000000000000000        1.1871184003167724E-306   8.7095749338959553E-007   4.0337486306259314E-007   0.0000000000000000        4.4501477170144028E-308
   1.0000000000000000        491.21407194357329        491.21407194357317       0.35472321138429264       0.31658038645799591        0.0000000000000000        3544.5345802105257        0.0000000000000000                0  0.29627223733689262        1732997.9334114785        5282213462.0193834        0.0000000000000000        1.4760287817835778E-306   1.0116102801466832E-006   4.6852056918185614E-007   0.0000000000000000        4.4501477170144028E-308
   1.2589254117941662        495.37843836742991        495.37843836742985       0.34049736344111697       0.30476713823746387        0.0000000000000000        3544.6072533450601        0.0000000000000000                0  0.29626185796608201        1701397.1591067393        4886320166.5163212        0.0000000000000000        1.7938572633052520E-306   1.1749680815794463E-006   5.4418514117812299E-007   0.0000000000000000        4.4501477170144028E-308
   1.5848931924611140        494.56333059849533        494.56333059849527       0.32880517058231162       0.29389507562395423        0.0000000000000000        3544.4872516770188        0.0000000000000000                0  0.29626333113827646        1669808.6701954049        4528650284.9727259        0.0000000000000000        2.0754612846449308E-306   1.3646822875641858E-006   6.3206201680681372E-007   0.0000000000000000        4.4501477170144028E-308
   1.9952623149688788        494.88673633218821        494.88673633218815       0.31782240626264679       0.28383326301409550        0.0000000000000000        3544.5553064513142        0.0000000000000000                0  0.29625831749024184        1638354.9033748657        4175475725.1493349        0.0000000000000000        2.3322280164133737E-306   1.5850233055300453E-006   7.3413325037715127E-007   0.0000000000000000        4.4501477170144028E-308
   2.5118864315095824        496.17704458343053        496.17704458343042       0.30409875475131837       0.27176538875294526        0.0000000000000000        3544.5737769145853        0.0000000000000000                0  0.29625273519130702        1606968.6177073054        3860766278.7357650        0.0000000000000000        2.5652580288545305E-306   1.8408993852025076E-006   8.5267872595346837E-007   0.0000000000000000        4.4501477170144028E-308
   3.1622776601683791        496.68229550115313        496.68229550115308       0.29134190533709925       0.26038791587424320        0.0000000000000000        3544.5256394475086        0.0000000000000000                0  0.29624995570057683        1575643.9582122415        3570643687.6223974        0.0000000000000000        2.7153831587992969E-306   2.1380148715657591E-006   9.9035209813842822E-007   0.0000000000000000        4.4501477170144028E-308
   3.9810717055349691        497.06195625219533        497.06195625219527       0.27908471861611306       0.24985227274073155        0.0000000000000000        3544.5360153174679        0.0000000000000000                0  0.29624639657963692        1544409.4331485440        3298289595.5192456        0.0000000000000000        2.8496231655060817E-306   2.4829788997631716E-006   1.1502344190139545E-006   0.0000000000000000        4.4501477170144028E-308
   5.0118723362727247        497.81999490047906        497.81999490047900       0.26678484573949929       0.23931993614604499        0.0000000000000000        3544.5618894454637        0.0000000000000000                0  0.29624263580245591        1513256.8140731407        3047745555.4146624        0.0000000000000000        2.9505399144615799E-306   2.8834140281812179E-006   1.3358895484644400E-006   0.0000000000000000        4.4501477170144028E-308
   6.3095734448019307        498.26473581310330        498.26473581310324       0.25534400246354977       0.22953815861509352        0.0000000000000000        3544.5494264114091        0.0000000000000000                0  0.29624102516700090        1482183.8049362532        2816482282.1713715        0.0000000000000000        3.0592676351667859E-306   3.3481051245377064E-006   1.5514431811877719E-006   0.0000000000000000        4.4501477170144028E-308
   7.9432823472428220        498.32539132661560        498.32539132661549       0.24507494568223678       0.22071732759074361        0.0000000000000000        3544.5334523629258        0.0000000000000000                0  0.29624143290733435        1451211.7635527232        2600350423.8818841        0.0000000000000000        3.1683003995831981E-306   3.8871432940160887E-006   1.8016663684579687E-006   0.0000000000000000        4.4501477170144028E-308
   10.000000000000000        498.11663469334178        498.11663469334167       0.23582144505147515       0.21265747429781623        0.0000000000000000        3544.5401593431957        0.0000000000000000                0  0.29624305391375400        1420360.3714692013        2398724841.8250422        0.0000000000000000        3.3144256864120708E-306   4.5120435087757933E-006   2.0920567993059021E-006   0.0000000000000000        4.4501477170144028E-308
   12.589254117941662        497.78608101644056        497.78608101644045       0.22690990902971336       0.20472692773058510        0.0000000000000000        3544.5652853717261        0.0000000000000000                0  0.29624466262628285        1389640.9480542738        2211595248.0568986        0.0000000000000000        3.4880480243876193E-306   5.2358302649318841E-006   2.4289239006977926E-006   0.0000000000000000        4.4501477170144028E-308
   15.848931924611140        497.58429258765301        497.58429258765290       0.21783381643955607       0.19659223252566932        0.0000000000000000        3544.5526616372103        0.0000000000000000                0  0.29624696631259650        1359052.4456077095        2039100916.7605834        0.0000000000000000        1.9619566467800112E-009   6.0730446709914112E-006   2.8194661227204909E-006   0.0000000000000000        2.3700829718522196E-011
   19.952623149688787        497.03127648902642        497.03127648902631       0.20889889777146622       0.18850509647104222        0.0000000000000000        3544.5034076456704        0.0000000000000000                0  0.29625059851257796        1328600.8321644596        1879517564.1694496        0.0000000000000000        6.7782017396308908E-009   7.0395983337485163E-006   3.2718300882377813E-006   0.0000000000000000        7.6889534214568953E-011
   25.118864315095824        496.40088334207854        496.40088334207843       0.19945625852479751       0.17998272043160313        0.0000000000000000        3544.5705708674827        0.0000000000000000                0  0.29625267858951621        1298298.2391734137        1731446643.3123579        0.0000000000000000        1.4493652856026424E-008   8.1523516784236185E-006   3.7951148412345047E-006   0.0000000000000000        1.5425840363142145E-010
   31.622776601683793        496.35299113553094        496.35299113553083       0.18913752721483090       0.17074886924901447        0.0000000000000000        3544.6016570866846        0.0000000000000000                0  0.29625364910049878        1268128.3376732329        1596135602.1431515        0.0000000000000000        2.6799765610481354E-008   9.4283297705268767E-006   4.3992873935366164E-006   0.0000000000000000        2.6695097156142477E-010
   39.810717055349691        496.08394660723070        496.08394660723059       0.17919642984311604       0.16192007851227255        0.0000000000000000        3544.4598951182420        0.0000000000000000                0  0.29625738245199351        1238079.3854393356        1472123652.1356890        0.0000000000000000        4.7305781170929025E-008   1.0883150850105123E-005   5.0949283667727913E-006   0.0000000000000000        4.3970164566173971E-010
   50.118723362727245        495.14124425942219        495.14124425942208       0.16942897566992984       0.15319965827857240        0.0000000000000000        3544.5359057845444        0.0000000000000000                0  0.29625949493074943        1208177.5666308685        1356129877.2743988        0.0000000000000000        8.2289948306327362E-008   1.2528253801797173E-005   5.8926552490477304E-006   0.0000000000000000        7.1272322988198098E-010
   63.095734448019293        495.39760541697154        495.39760541697149       0.15861000408104700       0.14362781900304375        0.0000000000000000        3544.7008543007687        0.0000000000000000                0  0.29625937781586659        1178406.1117207394        1250169736.0242724        0.0000000000000000        1.4194232184587411E-007   1.4368050708640414E-005   6.8023284330120162E-006   0.0000000000000000        1.1412206510580214E-009
   79.432823472428211        495.17866331799189        495.17866331799183       0.14821557932369450       0.13438151502853779        0.0000000000000000        3544.4064503663421        0.0000000000000000                0  0.29626302123003995        1148742.6095206293        1153617945.7935655        0.0000000000000000        2.4448875311351265E-007   1.6394758501652952E-005   7.8314640946701325E-006   0.0000000000000000        1.8188398005513982E-009
   100.00000000000000        494.21625472983129        494.21625472983123       0.13835276744801583       0.12564889682918093        0.0000000000000000        3544.4576591725263        0.0000000000000000                0  0.29626552506236048        1119222.7184803935        1062789316.1657096        0.0000000000000000        4.2246021699183924E-007   1.8580740725644963E-005   8.9824280576093371E-006   0.0000000000000000        2.8950694209628361E-009
   125.89254117941661        494.36610299621492        494.36610299621481       0.12773119767474597       0.11616120077930502        0.0000000000000000        3544.8440840145613        0.0000000000000000                0  0.29626306226298443        1089834.5113341520        979607678.09016132        0.0000000000000000        7.3346783954530569E-007   2.0879010935544795E-005   1.0250507449535785E-005   0.0000000000000000        4.6003071792416793E-009
   158.48931924611139        495.01490677246659        495.01490677246647       0.11740316204214264       0.10702575066391563        0.0000000000000000        3544.3444663213791        0.0000000000000000                0  0.29626355427953288        1060529.6083551394        904901200.11181605        0.0000000000000000        1.2812901254984084E-006   2.3222819791874141E-005   1.1620859357102792E-005   0.0000000000000000        7.3061912165053526E-009
   199.52623149688790        494.20659465617638        494.20659465617626       0.10868345121933805        9.9223987406786174E-002   0.0000000000000000        3544.3542543922217        0.0000000000000000                0  0.29625980404094171        1031335.8564069463        834819762.10038459        0.0000000000000000        2.2618668967604997E-006   2.5517981875217291E-005   1.3062328437005906E-005   0.0000000000000000        1.1607595442815931E-008
   251.18864315095823        496.23265465756657        496.23265465756640        9.9123087637879775E-002   9.0753381626930418E-002   0.0000000000000000        3545.0378397533846        0.0000000000000000                0  0.29625138547056878        1002212.3222284984        771595138.91378939        0.0000000000000000        4.0292875421933967E-006   2.7678544842552980E-005   1.4533923814459058E-005   0.0000000000000000        1.8420268391340526E-008
   316.22776601683796        496.93466568742599        496.93466568742582        8.9661690003123767E-002   8.2215716016254325E-002   0.0000000000000000        3544.1731172962927        0.0000000000000000                0  0.29624472645949979        973114.62543219142        714605969.34120643        0.0000000000000000        7.2769009167560659E-006   2.9623473455630269E-005   1.5983492214968311E-005   0.0000000000000000        2.9258161708541732E-008
   398.10717055349699        498.39290833434615        498.39290833434598        8.1031161435956928E-002   7.4420142952365362E-002   0.0000000000000000        3544.4916791148376        0.0000000000000000                0  0.29623060783176941        944059.65245646983        661313363.17147648        0.0000000000000000        1.3315740075517442E-005   3.1274431441495539E-005   1.7348299693596109E-005   0.0000000000000000        4.6450002830215343E-008
   501.18723362727258        501.51741228980620        501.51741228980603        7.2529904857626157E-002   6.6703303620068960E-002   0.0000000000000000        3544.8816439783359        0.0000000000000000                0  0.29620814399871503        914977.39737461472        613963811.74463427        0.0000000000000000        2.4687257010588233E-005   3.2617669226771482E-005   1.8584843767319178E-005   0.0000000000000000        7.3727006546941593E-008
   630.95734448019311        505.04682383605723        505.04682383605700        6.4417800255844315E-002   5.9347737758369788E-002   0.0000000000000000        3544.3710727144348        0.0000000000000000                0  0.29617934721686723        885808.86469843436        571545830.89975953        0.0000000000000000        4.6414108897827482E-005   3.3644931556269622E-005   1.9654937369226295E-005   0.0000000000000000        1.1705629809471204E-007
   794.32823472428220        510.04231966246363        510.04231966246340        5.7058100007201115E-002   5.2694777282628537E-002   0.0000000000000000        3544.2953239848894        0.0000000000000000                0  0.29614247601588345        856501.90525278740        533320276.16521144        0.0000000000000000        8.8342521499679570E-005   3.4368409135984213E-005   2.0536122543343208E-005   0.0000000000000000        1.8580644382187629E-007
   1000.0000000000000        515.96134410938635        515.96134410938612        5.0599384306537515E-002   4.6834287606055097E-002   0.0000000000000000        3545.0684669942643        0.0000000000000000                0  0.29609570752763503        826990.12700324540        499137095.36407208        0.0000000000000000        1.7003717049940152E-004   3.4822413328252429E-005   2.1225910692603449E-005   0.0000000000000000        2.9497563951202863E-007
   1258.9254117941675        523.89755579166990        523.89755579166967        4.4497116304861209E-002   4.1289235787686590E-002   0.0000000000000000        3544.1766198323962        0.0000000000000000                0  0.29604258264111605        797192.71393751830        468814504.07265264        0.0000000000000000        3.3032450699743736E-004   3.5049801115228337E-005   2.1735942629021105E-005   0.0000000000000000        4.6818022790857987E-007
   1584.8931924611143        531.68835939874111        531.68835939874089        3.9353593261072725E-002   3.6563051160041965E-002   0.0000000000000000        3544.4452534778302        0.0000000000000000                0  0.29597787053916647        767059.87371917197        441258233.45903164        0.0000000000000000        6.4748344470080658E-004   3.5073869173207164E-005   2.2074633291081020E-005   0.0000000000000000        7.4345811300228852E-007
   1995.2623149688786        543.09598403481618        543.09598403481596        3.4553004097823754E-002   3.2204742357967102E-002   0.0000000000000000        3545.2195409151691        0.0000000000000000                0  0.29590083517556476        736498.71338155668        416948783.33638686        0.0000000000000000        1.2765319561194256E-003   3.4951080985335467E-005   2.2274237145759004E-005   0.0000000000000000        1.1796533610476499E-006
   2511.8864315095793        554.51457066134196        554.51457066134174        3.0502496377406887E-002   2.8487993944598670E-002   0.0000000000000000        3543.3484207577367        0.0000000000000000                0  0.29580920444216102        705411.62868738582        395538337.26522321        0.0000000000000000        2.5321099107267629E-003   3.4716352531268288E-005   2.2358826113379905E-005   0.0000000000000000        1.8732727753862917E-006
   3162.2776601683790        570.31518651161582        570.31518651161548        2.6963155492134516E-002   2.5277365294628575E-002   0.0000000000000000        3546.2244260900366        0.0000000000000000                0  0.29569572174816267        673683.64711428236        376913294.16857004        0.0000000000000000        5.0382486874297255E-003   3.4405601360985619E-005   2.2355041325583233E-005   0.0000000000000000        2.9720725348621139E-006
   3981.0717055349733        588.21151503972112        588.21151503972067        2.4158283580569581E-002   2.2724177243556052E-002   0.0000000000000000        3542.6204931183747        0.0000000000000000                0  0.29556282926158117        641141.42938363738        361545869.72903764        0.0000000000000000        1.0052582966455611E-002   3.4068725321241822E-005   2.2299392183033147E-005   0.0000000000000000        4.7176330270953107E-006
   5011.8723362727251        609.83346853064927        609.83346853064882        2.1913386764729890E-002   2.0679101073652888E-002   0.0000000000000000        3546.2994062223202        0.0000000000000000                0  0.29530456101781682        607634.68420280842        369993858.25172883        0.0000000000000000        1.9420259591492298E-002   3.4799681590528148E-005   2.2939907926216345E-005   0.0000000000000000        7.4851299010159298E-006
   6309.5734448019302        636.18771019668213        636.18771019668168        2.0119291761510852E-002   1.9046837779321975E-002   0.0000000000000000        3543.7656269619201        0.0000000000000000                0  0.29499551069024466        572943.03514269670        424811633.07247049        0.0000000000000000        3.5375656863956571E-002   3.7614231233456227E-005   2.4971948253902942E-005   0.0000000000000000        1.1867909723292294E-005
   7943.2823472428126        666.32554532005111        666.32554532005054        1.8863272148157303E-002   1.7906021708747027E-002   0.0000000000000000        3543.1862774623551        0.0000000000000000                0  0.29463291077970977        536848.06953897199        492659939.50788563        0.0000000000000000        6.4388218798272057E-002   4.0685598764104373E-005   2.7160281546300557E-005   0.0000000000000000        1.8783177539851188E-005
   10000.000000000000        702.67157387777286        702.67157387777229        1.7883816654854792E-002   1.7033163148607186E-002   0.0000000000000000        3547.8011340562402        0.0000000000000000                0  0.29407634443908681        499098.08155117597        577413657.54318464        0.0000000000000000       0.11613068794641208        4.4083639586285394E-005   2.9554736309522077E-005   0.0000000000000000        2.9483859546312207E-005
   12589.254117941675        743.17474044510107        743.17474044510050        1.7247374043897656E-002   1.6472355797304616E-002   0.0000000000000000        3539.7566559202328        0.0000000000000000                0  0.29334717064517801        459434.44433228066        683172727.83511770        0.0000000000000000       0.20284049434965457        4.7854381063332140E-005   3.2189285664616670E-005   0.0000000000000000        4.4856481829793633E-005
   15848.931924611143        788.90904107162248        788.90904107162191        1.6853673163722410E-002   1.6142454024873229E-002   0.0000000000000000        3548.2832550375233        0.0000000000000000                0  0.29244960525737557        417634.67411026795        813352188.54050910        0.0000000000000000       0.30966219020116814        5.1998856747876466E-005   3.5067274671181526E-005   0.0000000000000000        5.9672333039369608E-005
   19952.623149688789        839.33509045703988        839.33509045703920        1.6638964814737121E-002   1.5972162721391778E-002   0.0000000000000000        3543.8987097314066        0.0000000000000000                0  0.29124982421262030        373469.16196129919        973602837.10857105        0.0000000000000000        7.1697710254638947E-002   5.6559517664147346E-005   3.8219345680490012E-005   0.0000000000000000        1.2050343527823455E-005
   25118.864315095794        892.70802949281438        892.70802949281369        1.6699894395460695E-002   1.6051002721648146E-002   0.0000000000000000        3539.7676139604205        0.0000000000000000                0  0.28989357336350197        326774.03112633969        1167202797.1179788        0.0000000000000000        0.0000000000000000        6.1498228015073321E-005   4.1621424417338141E-005   0.0000000000000000        0.0000000000000000     
   31622.776601683796        947.75901996073389        947.75901996073310        1.6867887656077361E-002   1.6246989878380334E-002   0.0000000000000000        3553.5753627308177        0.0000000000000000                0  0.28841367241370486        277473.37956825749        1395747039.8849680        0.0000000000000000        0.0000000000000000        6.6745470187541922E-005   4.5227622123812697E-005   0.0000000000000000        0.0000000000000000     
   39810.717055349734        996.82203475871484        996.82203475871404        1.7498585693560210E-002   1.6879541223656400E-002   0.0000000000000000        3533.5155165395227        0.0000000000000000                0  0.28706138428533384        225730.43096505440        1649743534.6989977        0.0000000000000000        0.0000000000000000        7.2047398180547382E-005   4.8866659306032942E-005   0.0000000000000000        0.0000000000000000     
   50118.723362727244        1038.4462160256976        1038.4462160256967        1.8712784038137201E-002   1.8080888119646959E-002   0.0000000000000000        3550.5871148633746        0.0000000000000000                0  0.28571590748944664        171953.64442160772        1912671633.7538900        0.0000000000000000        0.0000000000000000        7.7112571084538386E-005   5.2341040556352750E-005   0.0000000000000000        0.0000000000000000     
   63095.734448019299        1080.5578732241595        1080.5578732241586        2.0213625269933210E-002   1.9592216416660497E-002   0.0000000000000000        3547.8533113684684        0.0000000000000000                0  0.28438594473728768        116381.05940596608        2193131611.9696612        0.0000000000000000        0.0000000000000000        8.2127194058367515E-005   5.5777093751916954E-005   0.0000000000000000        0.0000000000000000     
   79432.823472428136        1121.7921295392393        1121.7921295392384        2.2144267717914896E-002   2.1498483630935518E-002   0.0000000000000000        3527.9421584252123        0.0000000000000000                0  0.28291551387221964        59071.505336841961        2505378852.1885805        0.0000000000000000        0.0000000000000000        8.7310266119034960E-005   5.9323926754109727E-005   0.0000000000000000        0.0000000000000000     
   100000.00000000000        1166.2124909827485        1166.2124909827476        2.4147196640550570E-002   2.3461934834691802E-002   0.0000000000000000        3568.6475965599211        0.0000000000000000                0  0.28136572253555214        0.0000000000000000        2860569812.1726069        0.0000000000000000        0.0000000000000000        9.2772683801063948E-005   6.3057491741631507E-005   0.0000000000000000        0.0000000000000000     
   125892.54117941676        1212.9936494568262        1212.9936494568253        2.6244969156698186E-002   2.5503737233511924E-002   0.0000000000000000        3522.4761907065522        0.0000000000000000                0  0.27975448171238071       -61425.849604718394        3271822842.7597899        0.0000000000000000        0.0000000000000000        9.8631023590166941E-005   6.7057584305341611E-005   0.0000000000000000        0.0000000000000000     
   158489.31924611132        1258.6920492907791        1258.6920492907782        2.8447924933399541E-002   2.7674791760866933E-002   0.0000000000000000        3547.4444961888717        0.0000000000000000                0  0.27803674226809899       -124719.17492365398        3734820144.8456326        0.0000000000000000        0.0000000000000000        1.0475855422448784E-004   7.1238563015928866E-005   0.0000000000000000        0.0000000000000000     
   199526.23149688798        1311.8495845950038        1311.8495845950029        3.0200407519921195E-002   2.9408312907371260E-002   0.0000000000000000        3568.2690143788527        0.0000000000000000                0  0.27619242912033554       -189984.53906974252        4271871120.8096600        0.0000000000000000        0.0000000000000000        1.1134803794846682E-004   7.5731889811952890E-005   0.0000000000000000        0.0000000000000000     
   251188.64315095794        1364.7858475232558        1364.7858475232547        3.2611940861347610E-002   3.1659522136450430E-002   0.0000000000000000        3495.0765153847583        0.0000000000000000                0  0.27427733738486859       -257349.76514949813        4898554124.4902363        0.0000000000000000        0.0000000000000000        1.1846757644662258E-004   8.0584238475189153E-005   0.0000000000000000        0.0000000000000000     
   316227.76601683791        1422.9160430559984        1422.9160430559973        3.5162419731951569E-002   3.4441508771759756E-002   0.0000000000000000        3598.7841448164263        0.0000000000000000                0  0.27210695974852322       -326871.75635728741        5618875942.6324644        0.0000000000000000        0.0000000000000000        1.2605046369358074E-004   8.5750530969749028E-005   0.0000000000000000        0.0000000000000000     
   398107.17055349733        1492.7531241409552        1492.7531241409538        3.8196490895950570E-002   3.7463404424531506E-002   0.0000000000000000        3508.7076571488096        0.0000000000000000                0  0.26984264480268594       -398894.76591750683        6498610146.9978704        0.0000000000000000        0.0000000000000000        1.3457501197565984E-004   9.1556383354746726E-005   0.0000000000000000        0.0000000000000000     
   501187.23362727225        1559.1405953202488        1559.1405953202473        4.3142185166070171E-002   4.1917212082306497E-002   0.0000000000000000        3537.9189172885099        0.0000000000000000                0  0.26732015437407575       -473545.58382878383        7528621701.2438946        0.0000000000000000        0.0000000000000000        1.4377070477632510E-004   9.7817956597172787E-005   0.0000000000000000        0.0000000000000000     
   630957.34448019334        1649.3396789635074        1649.3396789635055        4.6041555125045770E-002   4.5622841397027353E-002   0.0000000000000000        3599.0138744091523        0.0000000000000000                0  0.26437270063503215       -551208.26556293247        8793074984.5759888        0.0000000000000000        0.0000000000000000        1.5411179065433651E-004   1.0485809349988733E-004   0.0000000000000000        0.0000000000000000     
   794328.23472428136        1747.9414830348585        1747.9414830348564        5.9529193579973029E-002   5.8058664162790236E-002   0.0000000000000000        3037.9742632940370        413.28237091972727                0  0.26118915202425741       -632538.59297996119        10413571824.442270        0.0000000000000000        0.0000000000000000        1.6616108678422337E-004   1.1305983599388911E-004   0.0000000000000000        0.0000000000000000     
   1000000.0000000000        1857.4955628154255        1856.2899123466245        6.2542104129211767E-002   6.1070094573103473E-002  -1.8374927941181983E-006   2218.3160250325955        1424.8451143914749                1  0.25777315836977299       -717724.50651559595        15504303883.330681        0.0000000000000000        0.0000000000000000        2.0095156374627573E-004   1.3673636580992509E-004   0.0000000000000000        0.0000000000000000     
   1258925.4117941672        1973.0592936884741        1969.8044780868540        6.6274064632643334E-002   6.4659919797546747E-002  -3.5372971981045774E-006   1416.8065352347776        2010.2185041568937                1  0.25412576603213466       -806721.11140182172        17081753674.968054        0.0000000000000000        0.0000000000000000        2.0933310980980231E-004   1.4244066545971218E-004   0.0000000000000000        0.0000000000000000     
   1584893.1924611134        2094.0087511605507        2088.5058545504071        7.0508380398865630E-002   6.8838301483580056E-002  -2.7420427616934301E-006   849.15751639734015        2815.0945509605117                1  0.25010938804728677       -899539.22228072362        18735178617.577885        0.0000000000000000        0.0000000000000000        2.1764709705476249E-004   1.4809832659330396E-004   0.0000000000000000        0.0000000000000000     
   1995262.3149688796        2221.0348887294899        2212.3133284908054        7.4437460764153071E-002   7.2658092691106152E-002  -3.9251287944535742E-006   489.00496269822634        2908.8116087647145                1  0.24564970021063195       -995720.57947739935        18415026753.114426        0.0000000000000000        0.0000000000000000        2.1479276055322768E-004   1.4615537514861557E-004   0.0000000000000000        0.0000000000000000     
   2511886.4315095800        2352.6128689668540        2341.0549399547999        7.9354877646535274E-002   7.7440581066314629E-002  -1.8372470930381231E-006   291.07969865759230        3399.4852390019028                1  0.24058678285579788       -1095953.5272041743        19007623908.252689        0.0000000000000000        0.0000000000000000        2.1647808245641248E-004   1.4730107158207733E-004   0.0000000000000000        0.0000000000000000     
   3162277.6601683795        2490.1350059407023        2474.4021487848299        8.3608547757668919E-002   8.1631859336480844E-002  -3.0050147620711601E-006   199.29838417006644        3162.2661002923101                1  0.23483804766509053       -1200250.4955401223        18152396017.493950        0.0000000000000000        0.0000000000000000        2.0987705908906762E-004   1.4280758070311570E-004   0.0000000000000000        0.0000000000000000     
   3981071.7055349727        2630.6936110076899        2611.8852264427264        8.8952367304971441E-002   8.6743751616793763E-002  -8.5518353055339146E-007   156.85844102013351        3569.3385538193070                1  0.22844310850692304       -1308921.6625074367        18530259917.179882        0.0000000000000000        0.0000000000000000        2.1006672952859177E-004   1.4293432506240215E-004   0.0000000000000000        0.0000000000000000     
   5011872.3362727221        2776.8125596007717        2752.9504823471048        9.3587263832341880E-002   9.1330814418835712E-002  -2.0712859157340830E-006   125.55939743684401        3191.0392502885079                1  0.22157764741891670       -1422023.4481857223        17483347010.844936        0.0000000000000000        0.0000000000000000        2.0208300674310345E-004   1.3749894388493875E-004   0.0000000000000000        0.0000000000000000     
   6309573.4448019331        2923.8860492046724        2897.0511591627105        9.9191172258596153E-002   9.6660176337915932E-002  -2.7633316008402547E-007   101.66257377926642        3673.3243329502693                1  0.21448168124478126       -1539511.3275504918        17909379643.713711        0.0000000000000000        0.0000000000000000        2.0256824086903590E-004   1.3782534633611227E-004   0.0000000000000000        0.0000000000000000     
   7943282.3472428154        3076.4662250910774        3043.7174391620151       0.10420551665420658       0.10157891160887671       -1.3968035491608615E-006   66.319882157053314        3196.4699567013126                1  0.20690152565931386       -1661336.9671798323        16680625545.782175        0.0000000000000000        0.0000000000000000        1.9361585920688287E-004   1.3172962786503427E-004   0.0000000000000000        0.0000000000000000     
   10000000.000000000        3157.8806131220376        3124.2651762466958       0.25112272655816864       0.12802070732228235        0.0000000000000000        40.455175301488346        0.0000000000000000                0  0.20690152565931386       -1785896.5051812490        165443281.12299305        0.0000000000000000        0.0000000000000000        1.9137019007330483E-005   1.3017634159425557E-005   0.0000000000000000        0.0000000000000000     
